4
150
350
1
-250
-150
1
-250
-50
1
-350
150
1
-250
150
1
-150
150
1
-50
150
1
-50
50
1
-150
-150
1
-50
-150
1
50
-150
1
150
-150
1
150
-50
1
50
150
1
150
150
1
250
150
1
350
150
1
350
50
1
250
-150
1
350
-150
1
450
-150
1
450
150
3
450
50
1
450
450
1
350
450
1
250
450
1
150
450
1
50
450
1
-50
450
1
-150
450
1
-250
450
1
-350
450
1
-450
450
1
350
250
1
150
350
1
-50
250
1
-250
350
1
-250
50
0
-150
50
1
-450
150
1
-450
-50
3
-450
250
1
-350
-250
1
-250
-250
1
-450
-450
1
-350
-450
1
-150
-450
1
50
-350
1
150
-350
1
350
-250
1
350
-450
2
-250
-450
4
-150
-250
